97368384
97500753
97011025
97405537
97369188
97374282
97368957
97403246
97611910
96186470
97405455
97369183
97369114
97369143
97369147
97451167
97369202
97369485
97280913
96091158
97368959
97403497
97369111
96182657
97369150
97369363
97369148
97369203
97403608
97208212
97368961
97612357
97369112
97221842
97369185
96134831
97369110
97369493
97369144
97369444
97369109
97369163
96114351
97369162
97402908
97372425
97378662
97368960
97222725
97369118
97062245
96186491
97369149
95626731
97403340
96255377
97405516
97405746
97405512
97500735
97500805
97369108
69696969
96182309